5.000000000000000000e-01
8.125000000000000000e-01
1.125000000000000000e+00
1.437500000000000000e+00
1.750000000000000000e+00
2.062500000000000000e+00
2.375000000000000000e+00
2.687500000000000000e+00
3.000000000000000000e+00
3.312500000000000000e+00
3.625000000000000000e+00
3.937500000000000000e+00
4.250000000000000000e+00
4.562500000000000000e+00
4.875000000000000000e+00
5.187500000000000000e+00
5.500000000000000000e+00
5.812500000000000000e+00
6.125000000000000000e+00
6.437500000000000000e+00
6.750000000000000000e+00
7.062500000000000000e+00
7.375000000000000000e+00
7.687500000000000000e+00
8.000000000000000000e+00
