1.034446347170905334e-01 2.142781719139732477e-01 3.251117091108559065e-01 4.359452463077386764e-01 5.467787835046213907e-01 6.576123207015041050e-01 7.684458578983870414e-01 8.792793950952696447e-01 9.901129322921522480e-01 1.100946469489034962e+00 1.211780006685917677e+00 1.322613543882800169e+00 1.433447081079683327e+00 1.544280618276565820e+00 1.655114155473448534e+00
2.389128750944412016e-01 3.418297310629751506e-01 4.447465870315090442e-01 5.476634430000431042e-01 6.505802989685770532e-01 7.534971549371110022e-01 8.564140109056450623e-01 9.593308668741789003e-01 1.062247722842712738e+00 1.165164578811246798e+00 1.268081434779780636e+00 1.370998290748314474e+00 1.473915146716848756e+00 1.576832002685382594e+00 1.679748858653916432e+00
3.743811154717918699e-01 4.693812902119770536e-01 5.643814649521622373e-01 6.593816396923474210e-01 7.543818144325326047e-01 8.493819891727177884e-01 9.443821639129031942e-01 1.039382338653088267e+00 1.134382513393273451e+00 1.229382688133458634e+00 1.324382862873643818e+00 1.419383037613828780e+00 1.514383212354014185e+00 1.609383387094199369e+00 1.704383561834384553e+00
5.098493558491425937e-01 5.969328493609789010e-01 6.840163428728154305e-01 7.710998363846518489e-01 8.581833298964882673e-01 9.452668234083246857e-01 1.032350316920161326e+00 1.119433810431997411e+00 1.206517303943833941e+00 1.293600797455670470e+00 1.380684290967506778e+00 1.467767784479343085e+00 1.554851277991179836e+00 1.641934771503015922e+00 1.729018265014852451e+00
6.453175962264932064e-01 7.244844085099808595e-01 8.036512207934685126e-01 8.828180330769561657e-01 9.619848453604438188e-01 1.041151657643931472e+00 1.120318469927419347e+00 1.199485282210906778e+00 1.278652094494394431e+00 1.357818906777882084e+00 1.436985719061369737e+00 1.516152531344857168e+00 1.595319343628345266e+00 1.674486155911832697e+00 1.753652968195320350e+00
7.807858366038438191e-01 8.520359676589828180e-01 9.232860987141215947e-01 9.945362297692605935e-01 1.065786360824399370e+00 1.137036491879538369e+00 1.208286622934677368e+00 1.279536753989816145e+00 1.350786885044954921e+00 1.422037016100093920e+00 1.493287147155232919e+00 1.564537278210371474e+00 1.635787409265510695e+00 1.707037540320649471e+00 1.778287671375788248e+00
9.162540769811945429e-01 9.795875268079846654e-01 1.042920976634774899e+00 1.106254426461565021e+00 1.169587876288355144e+00 1.232921326115145266e+00 1.296254775941935389e+00 1.359588225768725511e+00 1.422921675595515634e+00 1.486255125422305756e+00 1.549588575249095879e+00 1.612922025075885779e+00 1.676255474902676124e+00 1.739588924729466246e+00 1.802922374556256369e+00
1.051722317358545267e+00 1.107139085956986513e+00 1.162555854555427981e+00 1.217972623153869449e+00 1.273389391752310695e+00 1.328806160350751941e+00 1.384222928949193410e+00 1.439639697547634878e+00 1.495056466146076124e+00 1.550473234744517592e+00 1.605890003342958838e+00 1.661306771941400084e+00 1.716723540539841775e+00 1.772140309138282799e+00 1.827557077736724267e+00
1.187190557735895879e+00 1.234690645105988471e+00 1.282190732476081063e+00 1.329690819846173877e+00 1.377190907216266247e+00 1.424690994586359061e+00 1.472191081956451431e+00 1.519691169326544022e+00 1.567191256696636614e+00 1.614691344066729428e+00 1.662191431436821798e+00 1.709691518806914390e+00 1.757191606177007204e+00 1.804691693547099574e+00 1.852191780917192165e+00
1.322658798113246492e+00 1.362242204254990430e+00 1.401825610396734367e+00 1.441409016538478083e+00 1.480992422680222020e+00 1.520575828821965736e+00 1.560159234963709451e+00 1.599742641105453167e+00 1.639326047247197327e+00 1.678909453388941042e+00 1.718492859530684758e+00 1.758076265672428473e+00 1.797659671814172633e+00 1.837243077955916348e+00 1.876826484097660064e+00
1.458127038490597105e+00 1.489793763403992388e+00 1.521460488317387449e+00 1.553127213230782511e+00 1.584793938144177572e+00 1.616460663057572633e+00 1.648127387970967694e+00 1.679794112884362534e+00 1.711460837797757817e+00 1.743127562711152878e+00 1.774794287624547939e+00 1.806461012537942779e+00 1.838127737451338062e+00 1.869794462364733123e+00 1.901461187278128184e+00
1.593595278867947940e+00 1.617345322552994125e+00 1.641095366238040532e+00 1.664845409923086939e+00 1.688595453608133123e+00 1.712345497293179530e+00 1.736095540978225715e+00 1.759845584663271900e+00 1.783595628348318307e+00 1.807345672033364714e+00 1.831095715718410899e+00 1.854845759403457084e+00 1.878595803088503491e+00 1.902345846773549898e+00 1.926095890458596083e+00
1.729063519245298552e+00 1.744896881701996083e+00 1.760730244158693836e+00 1.776563606615391366e+00 1.792396969072088897e+00 1.808230331528786428e+00 1.824063693985483736e+00 1.839897056442181267e+00 1.855730418898879019e+00 1.871563781355576550e+00 1.887397143812274081e+00 1.903230506268971389e+00 1.919063868725669142e+00 1.934897231182366450e+00 1.950730593639064203e+00
1.864531759622649165e+00 1.872448440850998042e+00 1.880365122079346918e+00 1.888281803307695794e+00 1.896198484536044448e+00 1.904115165764393325e+00 1.912031846992741757e+00 1.919948528221090633e+00 1.927865209449439510e+00 1.935781890677788386e+00 1.943698571906137040e+00 1.951615253134485695e+00 1.959531934362834571e+00 1.967448615591183225e+00 1.975365296819532102e+00
2.000000000000000000e+00 2.000000000000000000e+00 2.000000000000000000e+00 2.000000000000000000e+00 2.000000000000000000e+00 2.000000000000000000e+00 2.000000000000000000e+00 2.000000000000000000e+00 2.000000000000000000e+00 2.000000000000000000e+00 2.000000000000000000e+00 2.000000000000000000e+00 2.000000000000000000e+00 2.000000000000000000e+00 2.000000000000000000e+00
