3.944594594594594272e-02 3.948054054054053741e-02 3.951513513513513209e-02 3.954972972972972678e-02 3.958432432432432146e-02 3.961891891891891615e-02 3.965351351351351084e-02 3.968810810810810552e-02 3.972270270270270021e-02 3.975729729729729489e-02 3.979189189189188958e-02 3.982648648648648426e-02 3.986108108108107895e-02 3.989567567567567363e-02 3.993027027027026832e-02 3.996486486486486300e-02
3.966216216216215951e-02 3.969675675675675419e-02 3.973135135135134888e-02 3.976594594594594356e-02 3.980054054054053825e-02 3.983513513513513293e-02 3.986972972972972762e-02 3.990432432432432230e-02 3.993891891891891699e-02 3.997351351351351167e-02 4.000810810810810636e-02 4.004270270270270105e-02 4.007729729729729573e-02 4.011189189189189042e-02 4.014648648648648510e-02 4.018108108108107979e-02
3.983513513513513293e-02 3.986972972972972762e-02 3.990432432432432230e-02 3.993891891891891699e-02 3.997351351351351167e-02 4.000810810810810636e-02 4.004270270270270105e-02 4.007729729729729573e-02 4.011189189189189042e-02 4.014648648648648510e-02 4.018108108108107979e-02 4.021567567567567447e-02 4.025027027027026916e-02 4.028486486486486384e-02 4.031945945945945853e-02 4.035405405405405321e-02
3.992162162162161965e-02 3.995909909909909491e-02 3.999657657657657711e-02 4.003405405405405237e-02 4.007153153153152764e-02 4.010900900900900984e-02 4.014648648648648510e-02 4.018396396396396036e-02 4.022144144144144257e-02 4.025891891891891783e-02 4.029639639639639309e-02 4.033387387387387529e-02 4.037135135135135056e-02 4.040882882882882582e-02 4.044630630630630802e-02 4.048378378378378328e-02
3.996486486486486300e-02 4.000522522522522578e-02 4.004558558558558162e-02 4.008594594594594440e-02 4.012630630630630718e-02 4.016666666666666302e-02 4.020702702702702580e-02 4.024738738738738858e-02 4.028774774774774442e-02 4.032810810810810720e-02 4.036846846846846998e-02 4.040882882882882582e-02 4.044918918918918860e-02 4.048954954954955138e-02 4.052990990990990722e-02 4.057027027027027000e-02
3.992162162162161965e-02 3.997063063063063110e-02 4.001963963963963561e-02 4.006864864864864706e-02 4.011765765765765851e-02 4.016666666666666302e-02 4.021567567567567447e-02 4.026468468468468592e-02 4.031369369369369043e-02 4.036270270270270188e-02 4.041171171171171334e-02 4.046072072072071785e-02 4.050972972972972930e-02 4.055873873873874075e-02 4.060774774774774526e-02 4.065675675675675671e-02
3.979189189189188958e-02 3.984954954954954970e-02 3.990720720720720288e-02 3.996486486486486300e-02 4.002252252252252313e-02 4.008018018018017631e-02 4.013783783783783643e-02 4.019549549549549655e-02 4.025315315315314973e-02 4.031081081081080986e-02 4.036846846846846998e-02 4.042612612612612316e-02 4.048378378378378328e-02 4.054144144144144341e-02 4.059909909909909659e-02 4.065675675675675671e-02
3.961891891891891615e-02 3.968810810810810552e-02 3.975729729729729489e-02 3.982648648648648426e-02 3.989567567567567363e-02 3.996486486486486300e-02 4.003405405405405237e-02 4.010324324324324174e-02 4.017243243243243112e-02 4.024162162162162049e-02 4.031081081081080986e-02 4.037999999999999923e-02 4.044918918918918860e-02 4.051837837837837797e-02 4.058756756756756734e-02 4.065675675675675671e-02
3.935945945945945601e-02 3.944594594594594272e-02 3.953243243243242944e-02 3.961891891891891615e-02 3.970540540540540286e-02 3.979189189189188958e-02 3.987837837837837629e-02 3.996486486486486300e-02 4.005135135135134972e-02 4.013783783783783643e-02 4.022432432432432314e-02 4.031081081081080986e-02 4.039729729729729657e-02 4.048378378378378328e-02 4.057027027027027000e-02 4.065675675675675671e-02
3.901351351351351610e-02 3.912306306306306825e-02 3.923261261261261346e-02 3.934216216216216561e-02 3.945171171171171082e-02 3.956126126126126297e-02 3.967081081081081512e-02 3.978036036036036033e-02 3.988990990990991248e-02 3.999945945945945769e-02 4.010900900900900984e-02 4.021855855855856199e-02 4.032810810810810720e-02 4.043765765765765935e-02 4.054720720720720456e-02 4.065675675675675671e-02
3.858108108108108253e-02 3.871657657657658069e-02 3.885207207207207192e-02 3.898756756756757008e-02 3.912306306306306131e-02 3.925855855855855947e-02 3.939405405405405763e-02 3.952954954954954886e-02 3.966504504504504702e-02 3.980054054054053825e-02 3.993603603603603641e-02 4.007153153153153458e-02 4.020702702702702580e-02 4.034252252252252396e-02 4.047801801801801519e-02 4.061351351351351335e-02
3.797567567567567554e-02 3.814864864864864896e-02 3.832162162162162239e-02 3.849459459459459582e-02 3.866756756756756924e-02 3.884054054054054267e-02 3.901351351351351610e-02 3.918648648648648952e-02 3.935945945945945601e-02 3.953243243243242944e-02 3.970540540540540286e-02 3.987837837837837629e-02 4.005135135135134972e-02 4.022432432432432314e-02 4.039729729729729657e-02 4.057027027027027000e-02
3.749999999999999861e-02 3.769891891891891805e-02 3.789783783783783749e-02 3.809675675675675693e-02 3.829567567567567637e-02 3.849459459459459582e-02 3.869351351351351526e-02 3.889243243243243470e-02 3.909135135135134720e-02 3.929027027027026664e-02 3.948918918918918608e-02 3.968810810810810552e-02 3.988702702702702496e-02 4.008594594594594440e-02 4.028486486486486384e-02 4.048378378378378328e-02
3.749999999999999861e-02 3.769027027027026938e-02 3.788054054054054015e-02 3.807081081081081092e-02 3.826108108108108169e-02 3.845135135135135246e-02 3.864162162162162323e-02 3.883189189189189400e-02 3.902216216216215783e-02 3.921243243243242860e-02 3.940270270270269937e-02 3.959297297297297014e-02 3.978324324324324091e-02 3.997351351351351167e-02 4.016378378378378244e-02 4.035405405405405321e-02
3.749999999999999861e-02 3.768162162162162071e-02 3.786324324324324281e-02 3.804486486486486491e-02 3.822648648648648700e-02 3.840810810810810910e-02 3.858972972972973120e-02 3.877135135135135330e-02 3.895297297297296846e-02 3.913459459459459056e-02 3.931621621621621265e-02 3.949783783783783475e-02 3.967945945945945685e-02 3.986108108108107895e-02 4.004270270270270105e-02 4.022432432432432314e-02
