1.034446347170905334e-01 3.632149924026178422e-01 6.229853500881451511e-01 8.827557077736725155e-01 1.142526065459199769e+00 1.402296423144727022e+00 1.662066780830254498e+00 1.921837138515781751e+00 2.181607496201309004e+00 2.441377853886836480e+00 2.701148211572363511e+00 2.960918569257890987e+00 3.220688926943418462e+00 3.480459284628945493e+00 3.740229642314472969e+00 4.000000000000000000e+00
2.142781719139732477e-01 4.666596271197083756e-01 7.190410823254435035e-01 9.714225375311786870e-01 1.223803992736913759e+00 1.476185447942648832e+00 1.728566903148384126e+00 1.980948358354119199e+00 2.233329813559854493e+00 2.485711268765589566e+00 2.738092723971324638e+00 2.990474179177059710e+00 3.242855634382794783e+00 3.495237089588529855e+00 3.747618544794264928e+00 4.000000000000000000e+00
3.251117091108559065e-01 5.701042618367988535e-01 8.150968145627417449e-01 1.060089367288684858e+00 1.305081920014627750e+00 1.550074472740570641e+00 1.795067025466513755e+00 2.040059578192456424e+00 2.285052130918399538e+00 2.530044683644342651e+00 2.775037236370285321e+00 3.020029789096228434e+00 3.265022341822171548e+00 3.510014894548114217e+00 3.755007447274057331e+00 4.000000000000000000e+00
4.359452463077386764e-01 6.735488965538893869e-01 9.111525468000400974e-01 1.148756197046191030e+00 1.386359847292341740e+00 1.623963497538492451e+00 1.861567147784643161e+00 2.099170798030793872e+00 2.336774448276944582e+00 2.574378098523095737e+00 2.811981748769246003e+00 3.049585399015397158e+00 3.287189049261547424e+00 3.524792699507698579e+00 3.762396349753848845e+00 4.000000000000000000e+00
5.467787835046213907e-01 7.769935312709799202e-01 1.007208279037338450e+00 1.237423026803697201e+00 1.467637774570055731e+00 1.697852522336414260e+00 1.928067270102773012e+00 2.158282017869131764e+00 2.388496765635490071e+00 2.618711513401848823e+00 2.848926261168207130e+00 3.079141008934565882e+00 3.309355756700924633e+00 3.539570504467282941e+00 3.769785252233641692e+00 4.000000000000000000e+00
6.576123207015041050e-01 8.804381659880704536e-01 1.103264011274637024e+00 1.326089856561203373e+00 1.548915701847769721e+00 1.771741547134336070e+00 1.994567392420902641e+00 2.217393237707469211e+00 2.440219082994035560e+00 2.663044928280601908e+00 2.885870773567168257e+00 3.108696618853734606e+00 3.331522464140300954e+00 3.554348309426867303e+00 3.777174154713433651e+00 4.000000000000000000e+00
7.684458578983870414e-01 9.838828007051612090e-01 1.199319743511935599e+00 1.414756686318709766e+00 1.630193629125483934e+00 1.845630571932258102e+00 2.061067514739032269e+00 2.276504457545806659e+00 2.491941400352581049e+00 2.707378343159354994e+00 2.922815285966128940e+00 3.138252228772903329e+00 3.353689171579677719e+00 3.569126114386452109e+00 3.784563057193226498e+00 4.000000000000000000e+00
8.792793950952696447e-01 1.087327435422251742e+00 1.295375475749233729e+00 1.503423516076215716e+00 1.711471556403197702e+00 1.919519596730179689e+00 2.127567637057161676e+00 2.335615677384143662e+00 2.543663717711125649e+00 2.751711758038107636e+00 2.959759798365090067e+00 3.167807838692072053e+00 3.375855879019054040e+00 3.583903919346036027e+00 3.791951959673018013e+00 4.000000000000000000e+00
9.901129322921522480e-01 1.190772070139342054e+00 1.391431207986531859e+00 1.592090345833721887e+00 1.792749483680911693e+00 1.993408621528101499e+00 2.194067759375291526e+00 2.394726897222481554e+00 2.595386035069671138e+00 2.796045172916860722e+00 2.996704310764050749e+00 3.197363448611240777e+00 3.398022586458430805e+00 3.598681724305620389e+00 3.799340862152810416e+00 4.000000000000000000e+00
1.100946469489034962e+00 1.294216704856432587e+00 1.487486940223830434e+00 1.680757175591228059e+00 1.874027410958625683e+00 2.067297646326023308e+00 2.260567881693421377e+00 2.453838117060819002e+00 2.647108352428216627e+00 2.840378587795614251e+00 3.033648823163011876e+00 3.226919058530409501e+00 3.420189293897807126e+00 3.613459529265204750e+00 3.806729764632602375e+00 4.000000000000000000e+00
1.211780006685917677e+00 1.397661339573523120e+00 1.583542672461128564e+00 1.769424005348734230e+00 1.955305338236339674e+00 2.141186671123945118e+00 2.327068004011550784e+00 2.512949336899156449e+00 2.698830669786761671e+00 2.884712002674366893e+00 3.070593335561972559e+00 3.256474668449578225e+00 3.442356001337183891e+00 3.628237334224789112e+00 3.814118667112394778e+00 4.000000000000000000e+00
1.322613543882800169e+00 1.501105974290613432e+00 1.679598404698426695e+00 1.858090835106240180e+00 2.036583265514053664e+00 2.215075695921866483e+00 2.393568126329680190e+00 2.572060556737493453e+00 2.750552987145306716e+00 2.929045417553119979e+00 3.107537847960933242e+00 3.286030278368746949e+00 3.464522708776560211e+00 3.643015139184373474e+00 3.821507569592186737e+00 4.000000000000000000e+00
1.433447081079683327e+00 1.604550609007704409e+00 1.775654136935725491e+00 1.946757664863746573e+00 2.117861192791767877e+00 2.288964720719788737e+00 2.460068248647810041e+00 2.631171776575831345e+00 2.802275304503852205e+00 2.973378832431873064e+00 3.144482360359894368e+00 3.315585888287915672e+00 3.486689416215936532e+00 3.657792944143957392e+00 3.828896472071979140e+00 4.000000000000000000e+00
1.544280618276565820e+00 1.707995243724794721e+00 1.871709869173023844e+00 2.035424494621252745e+00 2.199139120069481645e+00 2.362853745517710546e+00 2.526568370965939447e+00 2.690282996414168792e+00 2.853997621862397693e+00 3.017712247310626594e+00 3.181426872758855495e+00 3.345141498207084396e+00 3.508856123655313297e+00 3.672570749103542198e+00 3.836285374551771099e+00 4.000000000000000000e+00
1.655114155473448534e+00 1.811439878441885254e+00 1.967765601410321974e+00 2.124091324378758916e+00 2.280417047347195414e+00 2.436742770315632356e+00 2.593068493284069298e+00 2.749394216252506240e+00 2.905719939220942738e+00 3.062045662189379236e+00 3.218371385157816178e+00 3.374697108126253120e+00 3.531022831094690062e+00 3.687348554063126560e+00 3.843674277031563502e+00 4.000000000000000000e+00
